18 22 2
21 21 2
20 22 2
20 24 2
21 23 2
23 21 2
13 28 2
12 27 3
12 28 3
12 26 3
11 28 3
10 28 3
10 27 3
12 24 3
10 25 3
8 27 3
7 26 0
9 25 0
10 24 0
5 25 0
4 24 4
6 22 4
6 21 4
8 17 4
12 22 0
9 19 0
12 20 0
11 19 0
15 18 0
31 4 0
32 6 2
35 4 2
32 7 2
31 9 2
34 8 2
34 8 2
31 12 2
33 12 2
35 11 2
34 13 2
11 9 1
14 12 1
14 10 1
12 8 1
12 7 1
15 10 1
16 11 1
15 7 1
10 5 1
13 5 1
12 3 1
15 7 1
15 2 1
15 6 1
17 4 1
18 1 1
20 2 1
18 4 1
16 7 1
20 4 1
20 5 1
17 8 1
18 8 1
20 6 1
24 4 1
20 8 1
16 10 1
19 11 0
20 10 0
20 10 0
21 8 0
23 7 0
23 8 0
5 3 4
4 4 4
7 4 4
8 3 1
32 16 2
30 18 2
31 19 2
33 17 2
31 20 2
31 22 2
30 24 2
33 21 2
33 20 2
36 20 2
34 22 2
34 23 2
33 23 2
33 24 2
30 24 2
31 27 2
33 26 2
34 26 2
9 12 4
5 12 4
7 11 4
7 11 4
8 10 4
